123456789	235038
12345678	212759
11111111	76348
dearbook	45900
00000000	34953
123123123	20010
1234567890	17793
88888888	15033
111111111	6995
147258369	5965
aaaaaaaa	5889
987654321	5555
1111111111	5145
66666666	5026
a123456789	4686
11223344	4096
1qaz2wsx	3966
xiazhili	3649
password	3644
789456123	3610
qwertyuiop	3505
qqqqqqqq	3491
iloveyou	3293
qq123456	3287
87654321	3282
000000000	3175
asdfghjkl	3100
31415926	3061
12344321	2985
1q2w3e4r	2943
0000000000	2886
qazwsxedc	2770
123456abc	2752
abcd1234	2613
0123456789	2578
123654789	2573
12121212	2540
asdasdasd	2437
12341234	2380
110110110	2348
abc123456	2338
aa123456	2298
a12345678	2245
22222222	2243
a1234567	2219
1234qwer	2218
123321123	2166
123456	2165
qwertyui	2165
123456123	2113
123456789a	2111
123456aa	2058
asdfasdf	2023
99999999	1891
999999999	1859
123456123456	1854
520520520	1699
963852741	1656
55555555	1652
741852963	1652
33333333	1589
qwer1234	1573
asd123456	1464
qweasdzxc	1413
zzzzzzzz	1343
77777777	1339
code8925	1286
11112222	1273
ms0083jxj	1268
123456qq	1267
qweqweqwe	1263
111222333	1214
asdf1234	1205
3.1415926	1200
asdfghjk	1159
147852369	1148
q1w2e3r4	1140
521521521	1136
12345678A	1121
123qweasd	1117
123698745	1111
1123581321	1109
1234abcd	1085
WOAINI1314	1068
1qazxsw2	1036
woaiwojia	1017
zxcvbnm123	952
321321321	920
05962514787	910
wwwwwwww	907
123456987	894
kingcom5	892
5845201314	882
0987654321	853
11111111111111111111	835
123456asd	829
1q2w3e4r5t	819
12345600	805
lilylily	784
11235813	783
10101010	772
xiaoxiao	757
woshishui	752
qwe123456	746
12345612	744
5201314520	741
1234554321	740
woaini123	733
12301230	732
123456654321	727
ffffffff	706
111111	703
1122334455	693
12369874	685
1234567a	684
12345679	680
123456aaa	673
buzhidao	672
100200300	670
qazwsx123	668
z123456789	668
woainima	661
ssssssss	657
P@ssw0rd	654
44444444	650
aaa123456	638
q123456789	629
WOJIUSHIWO	625
qaz123456	610
wocaonima	602
25257758	601
123321aa	601
csdncsdn	595
1357924680	589
yangyang	583
woaini520	580
zhang123	578
369258147	578
321654987	572
9876543210	568
1233211234567	567
1234567b	565
zxczxczxc	561
dddddddd	560
google250	559
5845211314	553
aaaaaaaaa	544
abcdefgh	539
369369369	536
20082008	535
123456QWE	535
goodluck	533
zxc123456	533
135792468	532
qwerasdf	532
299792458	525
computer	523
12qwaszx	522
a1111111	518
AS123456	511
123456789.	495
12345678910	495
888888888	491
168168168	491
a123456a	491
superman	485
qq123123	484
8888888888	484
789789789	484
abc12345	479
xxxxxxxx	478
zaq12wsx	476
sunshine	475
112233445566	470
a1b2c3d4	469
qq111111	469
aptx4869	469
123321123321	461
52013145201314	461
66668888	461
007007007	460
wodemima	455
147896325	452
1a2b3c4d	449
123789456	446
jingjing	444
aaaaaaaaaa	444
12345qwert	441
helloworld	439
tiantian	438
110120119	438
123456ab	436
13145200	431
aaaa1111	431
123456..	422
a123123123	422
00001111	422
a5201314	414
12312312	408
zhangwei	407
w123456789	403
584131421	401
123456789q	400
77585210	398
abcd123456	392
qw123456	383
ab123456	380
li123456	379
passw0rd	379
20102010	376
666666666	374
12348765	373
1234512345	370
456456456	368
20080808	367
newhappy	366
csdn.net	364
wangjian	364
12345687	362
01234567	361
01020304	360
21212121	360
dongdong	358
qazqazqaz	356
123123123123	355
13141314	351
wiii2dsE	351
23232323	351
74108520	346
7894561230	346
5841314520	345
a11111111	344
Q1W2E3R4T5	342
aa123123	342
woaini521	342
77585211	340
88771024	339
shanghai	339
123qwe123	335
123456as	334
qq000000	333
19491001	333
WANG123456	332
01010101	330
qqq11111	328
ZZ123456	327
14789632	326
abc123456789	326
111111aa	323
q1234567	319
qazxswedc	317
yuanyuan	317
3141592653	316
meiyoumima	314
77585217758521	313
12345abcde	313
liu123456	312
20092009	311
1234567890123	309
110119120	308
zhanglei	308
012345678	307
77889900	306
mmmmmmmm	306
123456000	305
qwert12345	303
lb851210	303
justdoit	303
19841010	303
qq123456789	303
7758521521	302
hahahaha	301
aini1314	299
llllllll	298
123456798	297
11111111a	297
13131313	297
19841020	297
mingming	296
10203040	296
123456zx	296
23456789	296
000000	295
chenchen	295
worinima	295
asasasas	295
12345678A@	295
52013141314	291
123454321	290
123456qaz	290
QQQQQqqqqq	289
1111qqqq	288
woailaopo	287
1234asdf	287
518518518	286
wangjing	286
123456abcd	286
88982866	285
z3255500	285
11110000	283
5201314a	279
987456321	277
584131420	277
258258258	277
qq5201314	276
q1111111	275
88889999	275
12365478	275
qqqqqqqqq	275
q12345678	274
00000000000000000000	274
www123456	273
123123aa	272
ZX123456	271
qweasd123	270
19871010	269
123123456	269
45612300	268
25251325	266
1234567899	266
19850603	265
administrator	265
a0000000	262
52013140	261
longlong	261
nicholas	261
120120120	260
tzwadmin123	259
kkkkkkkk	259
19841028	259
asdf123456	258
333333333	257
wangpeng	257
911911911	256
microsoft	255
jjjjjjjj	255
admin123	255
66778899	254
19871024	254
hyjzstx8	253
78787878	252
lovelove	252
wangwang	251
qwqwqwqw	251
16897168	250
123456qw	250
a1s2d3f4	249
z1234567	249
cccccccc	248
love1314	248
12332100	247
456789123	246
qqqq1111	246
xiaolong	246
aaa123123	246
xingxing	246
xiaoqiang	246
hhhhhhhh	246
a00000000	246
zxcv1234	245
zhangjian	245
19851019	244
pppppppp	244
ds760206	244
19841012	243
19851010	241
1qaz1qaz	241
gggggggg	239
111111qq	239
wobuzhidao	239
55667788	239
19871025	239
1314520520	239
1111111a	238
miaomiao	237
1111AAAA	237
13572468	237
12300000	237
w12345678	235
imissyou	233
19861012	233
19871020	233
qwe123123	233
abcde12345	233
qwe12345	232
123456789abc	232
19881011	232
internet	232
asd12345	232
nihao123	231
123456789123	231
zhimakaimen	231
19881010	230
1223334444	230
qwerty123	230
19861020	229
w1234567	229
woainiWOAINI	229
yyyyyyyy	229
84131421	228
zhangjie	228
1qaz2wsx3edc	228
zhanghao	227
z12345678	227
wangyang	227
testtest	227
456123789	226
shanshan	225
99998888	225
12131415	225
19890309	224
11111111111	224
asdfjkl;	223
hello123	222
5555555555	221
5841314521	221
ABC12345678	220
110120130	220
19861015	219
xiaofeng	219
3141592654	218
1q1q1q1q	218
112112112	218
12312300	218
56565656	217
liangliang	216
dgdg7234322	216
zhangjing	215
159159159	215
98765432	215
19881212	215
19841023	215
19890306	215
19841025	215
00123456	214
19861210	214
19841018	214
19871125	213
119119119	213
00112233	213
123456456	213
19861010	213
5201314123	212
123123qq	212
12345678Q	212
19881120	211
98989898	211
19830209	211
19851212	210
1qaz@WSX	210
19861028	210
6666666666	209
222222222	209
147147147	209
asd123123	209
19861123	208
1029384756	208
89898989	207
tingting	207
oooooooo	207
woshitiancai	207
19841001	207
19871212	207
19861018	206
mm123456	206
19871987	206
789654123	206
58585858	205
zaq1xsw2	205
19881128	205
121121121	205
123456ok	205
123456zz	204
wangchao	204
19871023	203
19881028	203
19841015	202
19871021	202
19881020	202
19871011	202
19861016	201
123abc123	201
123456780	201
19861111	201
19881220	201
314159265	200
asdasd123	200
123456zxc	199
369852147	199
19871028	199
19861215	199
19821010	199
19861026	199
13145201314520	198
!@#$%^&*	198
19841024	198
beijing2008	198
1212121212	198
19870623	197
dingding	197
19861212	197
555555555	197
19841026	197
19871012	197
zhangyan	196
12332112	196
19871015	196
159753123	196
19861025	196
dg123456	196
19861023	196
huang123	196
aa111111	196
q11111111	196
12345611	196
19841021	195
windowsxp	195
handsome	195
19861011	194
19881015	194
19861001	194
19871001	194
19851020	194
123456...	194
woshishei	193
asdfzxcv	193
zxcvbnma	193
12345689	193
19841014	193
584201314	193
19871016	192
11221122	192
zhangyang	192
1231512315	192
a1314520	192
19851120	192
16899168	192
19871214	192
chenjian	191
wang1234	191
lingling	190
19871225	190
19881225	190
963258741	190
19851218	190
qwertyuio	190
qwerqwer	189
19871120	189
19871228	189
19871017	188
19881024	188
songguang	188
001001001	188
19881022	188
chinaren	188
19851125	188
123581321	188
huanhuan	188
100100100	187
tsinghua	187
19861021	187
19881017	186
19861216	186
zhongguo	186
123456789z	186
0.123456	185
19860202	185
19861013	185
19851023	185
19881013	185
19861218	184
19871026	184
19841011	184
13324016206	184
19881016	184
qkvmlia569	183
19841019	183
560111aa	183
19861024	183
134679852	183
zxcvbnmzxcvbnm	182
19841027	182
19861220	182
19861211	182
19861121	181
zxcvbnm1	181
123654123	181
789632145	181
888888	181
520131400	181
19881018	181
19881125	180
12345ABC	180
19871022	180
19821982	180
19861124	180
1237890o0	180
19821221	180
5200251314	179
19861120	179
19871121	179
19841017	179
19871122	179
kingking	178
123456asdf	178
abcabcabc	178
l123456789	178
19871029	178
159357159357	178
admin888	178
........	178
19831010	178
19851025	177
18181818	177
19881123	177
123qweasdzxc	177
jianqiao	177
qwe123qwe	176
haohaoxuexi	176
19851013	176
19831220	176
14141414	176
zhanghui	176
19861224	175
123698741	175
19861225	175
74107410	175
19861014	174
159357123	174
19881021	174
19861122	174
19881210	174
19871210	174
88886666	174
19851230	173
19870214	173
68686868	173
19861022	173
amuqdedwft	173
19841122	173
19881023	173
zxzxzxzx	173
19881001	173
19851216	173
woaiwoziji	173
19821024	172
123456321	172
operation	172
support123	172
ddzj39cb3	172
19860214	172
19861112	171
19831001	171
19861214	170
ww123456	170
12345677	170
301415926	170
11111112	170
19891010	170
19881027	170
msconfig	169
19851011	169
poiuytrewq	169
19851012	169
19881029	169
19871223	168
09876543	168
951ljb753	168
19871103	168
777888999	168
zhangjun	168
19821016	168
19861228	167
111111111111	167
123654987	167
19851018	167
19871126	167
19841022	167
19861125	167
19810914	167
123456788	167
55556666	166
10002000	166
777777777	166
zaiwa1124	166
19851030	166
19871013	166
19851001	166
aaaa0000	166
TTTTTTTT	166
3366994qaz	165
l12345678	165
19871129	165
chen123456	165
19871002	165
200919ab	165
19841984	165
19831111	165
1234567q	165
19821120	164
19861226	164
19881228	164
19881012	164
123456qwerty	164
19851015	163
19881226	163
19861103	163
19871226	163
19870909	163
qweqwe123	163
19851210	163
09090909	163
19871127	163
19851121	163
19870825	163
19881002	163
19871123	163
19870101	163
zhangtao	162
cs123456	162
19821128	162
19851225	162
19821012	162
19871027	162
yingying	162
19871218	162
19851205	162
wo123456	162
19881129	162
19861128	162
19881025	162
19861223	162
zxcasdqwe	162
19861017	161
19851123	161
19881127	161
cc123456	161
woshizhu	161
19861019	161
19880808	160
19851214	160
liuqiang	160
1111111q	160
bbbbbbbb	160
wangyong	160
19871213	160
19860713	159
741258963	159
19881215	159
19871215	159
19841006	159
19841013	159
19871111	158
19841005	158
xiaoming	158
83869247	158
19841029	158
woshishen	158
19851016	158
abc123abc	158
19871115	158
19871211	158
19861113	158
19860128	158
19881218	157
19821023	157
19861030	157
19841002	157
wangliang	157
a7758521	157
19851224	157
19871221	157
123123	157
fangfang	157
19851024	157
19881014	157
19841210	157
19861127	156
19851226	156
19861108	156
19860101	156
19841120	156
19870815	156
19851028	156
12356789	156
19841123	156
19881112	156
19861027	156
howareyou	156
19831020	156
19881118	156
9638527410	155
bugaosuni	155
19881026	155
19861002	155
13141516	155
wangdong	155
QINGQING	155
19861029	155
19841016	155
333666999	154
123456bb	154
19861126	154
jack123456	154
12345678900	154
yy123456	154
19841212	154
19851102	154
19831120	153
zxcvbnmm	153
hao123456	153
12345671	153
19851022	153
123321456	153
19890101	153
19861221	153
200401265	153
19881214	152
19831012	152
19861206	152
lxqqqqqq	152
19831125	152
19881122	152
19871124	152
19861110	152
nishishui	152
19861118	152
wanggang	152
19871229	152
cndkervip	152
19871014	152
jiangnan	152
19870626	151
19851211	151
19881126	151
qwert123	151
19861986	151
90909090	151
19871019	151
78963214	151
19871227	151
2222222222	150
19831024	150
19851026	150
96385274	150
19851213	150
123456789qq	150
00000001	150
13149286ab	150
Qaz12345	150
19871201	150
wangying	150
159753159753	150
19891120	150
19870604	150
mac123456	150
caonima123	149
19831124	149
10000000	149
baidu1599	149
supervisor	149
19881124	149
123456789+	149
19861102	149
19861213	149
abcdefg123	148
zhangxin	148
100200100200	148
qawsedrf	148
19871128	148
19851118	148
jianjian	148
19851219	148
19871203	148
19871104	148
19861203	148
19851113	147
99887766	147
19851116	147
19870216	147
s123456789	147
19871222	147
19891026	147
19871030	147
19881213	147
19871208	147
zhangzhang	147
jiaojiao	147
19851220	147
19831118	147
9999999999	147
85208520	146
admin369	146
19851111	146
125125125	146
001002003	146
19871118	146
7758521a	146
123456789@	146
7708801314520	146
19881988	145
19861106	145
YU123456	145
19871004	145
19871216	145
19881115	145
19871207	145
19880101	145
51201314	145
csdn123456	145
19870923	145
19821025	145
19851017	145
19861104	145
wangfeng	145
19871209	145
19891011	144
19881116	144
19870621	144
19821116	144
19871018	144
19861006	144
19831212	144
19861205	144
19831013	144
maidoumaidou	144
19851215	144
19881111	144
12345654321	143
asdqwe123	143
rongfan66	143
55665566	143
19870201	143
19870125	143
19870620	143
19861129	143
19861119	143
20052005	143
7758521520	143
1234567891	143
asdffdsa	143
19841205	142
19871005	142
19821122	142
19871220	142
nishizhu	142
19881121	142
19821001	142
19871205	142
19851112	141
19861003	141
19871117	141
19870627	141
19820814	141
19831213	141
19831218	141
zhangpeng	141
19871102	141
65432100	141
zhangchao	141
qianqian	141
19821018	141
19880214	141
1qa2ws3ed	140
19871110	140
test1234	140
19851223	140
19860909	140
19841125	140
19891020	140
19860126	140
19880211	140
1q2w3e4r5t6y	140
01230123	140
192837465	140
19851217	140
zaqxswcde	140
19881114	140
ss123456	140
19821028	139
19870606	139
123456789*	139
19861227	139
19891024	139
19851229	139
19851204	139
mengmeng	139
windows123	139
19851126	139
19870202	139
19881216	139
19871217	139
19861217	138
19841108	138
19871108	138
19831025	138
zzzzzzzzz	138
19831011	138
woaimama	138
19831027	138
